-2.049642507000289e-17
-3.416070845000482e-18
-1.793437193625253e-17
2.3912495915003373e-17
6.148927521000867e-17
-8.540177112501205e-18
3.416070845000482e-17
6.832141690000964e-18
2.9036602182504096e-17
1.0248212535001446e-17
-2.049642507000289e-17
0.0
4.9533027252506987e-17
-1.878838964750265e-17
-3.1598655316254454e-17
-3.416070845000482e-17
8.540177112501205e-18
1.3664283380001927e-17
2.049642507000289e-17
-8.113168256876144e-18
2.5620531337503614e-18
-3.843079700625542e-18
4.7824991830006746e-17
3.416070845000482e-17
2.006941621437783e-17
2.7755575615628914e-17
1.0248212535001446e-17
6.832141690000964e-18
2.049642507000289e-17
1.1102230246251566e-17
3.0744637605004337e-17
-1.3664283380001927e-17
2.7328566760003855e-17
-1.270351345484554e-17
-2.049642507000289e-17
0.0
-1.0675221390626506e-18
-1.964240735875277e-17
2.83960888990665e-17
-5.465713352000771e-17
-5.807320436500819e-17
4.099285014000578e-17
2.9890619893754213e-17
-1.3664283380001927e-17
3.416070845000482e-18
-6.832141690000964e-18
4.099285014000578e-17
1.1956247957501686e-17
-5.124106267500723e-18
2.3912495915003373e-17
